3,2
3,1
3,3
10,98
10,108
10,290
10,106
10,210
10,148
11,8
11,29
11,24
8,10
8,7
8,11
8,16
8,2
8,3
56,3
56,2
56,1
56,0
55,3
55,2
55,1
55,0
54,3
54,2
54,1
54,0
52,3
52,2
52,1
52,0
51,3
51,2
51,1
51,0
50,4
50,3
50,2
50,1
50,0
49,4
49,3
49,2
49,1
49,0
48,5
48,4
48,3
48,2
48,1
48,0
47,3
47,2
47,1
47,0
20,3
20,2
20,1
19,2
19,1
12,3
19,3
12,2
12,1
11,30
11,28
11,27
11,26
11,20
11,18
11,16
11,15
11,13
11,7
11,6
11,5
11,4
11,3
11,2
11,1
10,304
10,302
10,293
10,288
10,272
10,258
10,253
10,247
10,229
10,215
10,205
18,1
10,172
18,3
10,154
10,135
14,1
10,125
10,83
14,3
13,1
10,79
13,3
